	1000 17064
	2714 5347
	2750 5293
	1017 4933
	2733 4927
	2796 4888
	2746 4842
	2808 4756
	2734 4710
	2676 4376
	2701 4240
	2679 4118
	2712 4005
	1657 3916
	1664 3860
	1088 3796
	2753 3769
	2675 3762
	2981 3728
	1004 3606
	2729 3602
	2677 3481
	2735 3480
	2728 3471
	1002 3443
	2807 3441
	2742 3427
	2685 3399
	2684 3335
	2713 3335
	2703 3324
	1006 3314
	2756 3067
	2800 3058
	1001 2997
	2810 2985
	2809 2973
	2980 2929
	2757 2886 LIS
	2720 2880
	2718 2867
	2687 2860
	2719 2801
	2699 2711
	2715 2680
	2680 2648
	2689 2632
	1003 2626
	2804 2620
	2681 2609
	2694 2608
	2767 2581
	2736 2531
	2815 2525
	2798 2522
	2709 2493
	2688 2461
	2700 2434
	2743 2422
	2702 2419
	2723 2418
	1166 2415
	1013 2381
	2964 2283
	2683 2276
	2797 2253
	2749 2248
	2816 2239
	2801 2224
	2790 2206
	2682 2189
	2686 2185
	2754 2179
	2760 2173
	2738 2158
	2721 2109
	2787 2107
	2972 2098
	1298 2044
	1008 1974
	2764 1967
	1681 1954
	2973 1942
	2693 1937
	2747 1936
	2748 1935
	2755 1929
	2965 1920
	2690 1920
	1565 1919
	1005 1905
	2943 1895
	1007 1888
	2975 1883
	2774 1881
	2813 1863
	2977 1858
	2940 1842
	2692 1841
	2856 1837
	2887 1830
	2730 1829
	1503 1829
	2976 1818
	2814 1816
	2910 1798
	2951 1773
	2775 1756
	2886 1745
	2744 1733
	2722 1730
	2696 1719
	2870 1709
	1321 1700
	1661 1687
	1979 1679
	2737 1672
	2818 1662
	2811 1661
	2915 1649
	2945 1641
	2806 1591
	2739 1587
	2937 1586
	2766 1585
	2786 1572
	2691 1569
	2967 1560
	2928 1543
	2974 1542
	2950 1518
	2882 1504
	2938 1497
	1011 1483 DFS 剪枝
	2934 1460
	2695 1435
	2869 1429
	2854 1415
	2704 1410
	3248 1410
	2706 1394
	2820 1381
1833 1378 全排列
	2351 1375
	2926 1374
	2773 1363
	1163 1359
	2758 1341
	3177 1338
	2724 1331
	2745 1322
	2678 1317
	2880 1313
	2705 1309
	1936 1306
	2871 1304
	2792 1294
	2942 1293
	2711 1291
	2888 1267
	2927 1265
	2765 1264
	2885 1257
	2941 1246
	2911 1232
	2799 1230
	2936 1229
	2909 1223
	2726 1210
	1061 1210
	2925 1199
	2210 1169
	2952 1165 数学规律 弃九法
	2698 1149
	2933 1140
	2883 1138
	3143 1125
	2000 1120
3720 1112 二叉树遍历
	2708 1097
	2931 1094
	2930 1090
	3164 1089
	2788 1088
	3237 1083
	3142 1070
	2710 1066
	2944 1055
	2795 1054
	2727 1046
	3255 1044
	3708 1031
	2913 1006
	3681 980
3750 979 魔兽世界
	2868 966
	2817 960 DFS 剪枝 同1011
	4022 942
	4001 941 BFS
	2966 918
	1331 917
1691 915 拓扑 DP DFS
	2899 907
	2819 901
	2159 891
	3670 876
	1183 862
	2946 857
	2912 837
	1218 837
	3718 831
	2929 830
	1164 829 同2815
	2780 827
	4045 821
	1458 820 同2806
	3178 810
	2759 809
	3179 802
	2812 797
	1222 786
	1543 785 同2810
	3195 774
	1835 773
	3238 757 同2724
	4013 755
	3719 745
	2884 744
	3671 736
	2080 733 同2964
	1067 724 数学 找规律 Beatty定理
	4002 722
	3682 713
	1706 691
	3703 684
	3864 669
	1922 667
	3704 660
	3163 659
	3721 650
	4003 642
	3250 642
	3246 640
	1047 633 同2952
	1050 620
	3756 614
	2995 609 LDS
	1658 608
	2707 605
	1928 599 同2950
	2803 598
	3857 589
1077 585
	2406 584
	3225 574
3711 563
	1054 563 同2812
2388 551
2697 547
4018 541
3259 541
3702 538
1107 535
3244 530
3709 528
1552 527
1026 527
3175 514
3242 511
4042 511
2783 510
1207 510
3722 507
3254 506
2731 506
4019 506
4017 501
2935 500
2802 499
1035 498
2299 498
3710 495
1131 494
2996 492
3245 488
3659 487
4044 487
1519 482
3427 480
1753 477
2255 475
3429 475
2251 474
2785 470
4015 469
3247 469
2479 468
3672 465
3256 462
	1191 462
3265 445
3249 442
1012 434
3258 431
2386 429
3262 424
3430 421
1042 411
2352 409
1182 405
3724 397
4109 393
2533 393
1125 390
1326 384
3726 382
2027 378
3251 376
3717 369
4016 367
2105 364
3260 360
3727 357
4004 353
	1014 353	
1338 353
2752 352
3468 348
3712 347
1273 346
	1190 344
3752 336
2136 331
2524 329
4104 328
4021 328
3243 322
3753 316
3865 313
3751 311
2503 309
4085 308
1258 305
1251 304
1363 302
4014 296
3714 291
1068 290
1316 290
3858 287
4110 287
1159 286
2979 286
3471 286
2998 285
2725 285
1517 285
1328 284
2994 282
3224 280
2992 280
1018 280
2488 277
3728 277
2121 274
3438 270
1062 269
2949 268
2485 263
1028 259
4103 254
	1703 251 Disjoint Sets
4010 250
1724 248
2656 246
4029 244
2663 243
4008 242
4087 239
1915 239
4067 238
1674 237
1046 236
1961 235
2732 235
2781 234
3252 231
1562 231
3723 230
2987 228
4043 222
4086 221
4079 219
2421 218
2001 217
1579 216
2387 215
4077 214
3406 214
1469 214
1015 212
4039 211
	1221 209
2262 209
1095 208
3002 206
4070 206
1663 204
4084 204
3180 201
4006 200
	2334 200
4041 200
1019 199
1611 198
4147 198
1064 197
4080 197
2562 196
1256 194
4072 193
2782 191
4111 190
1308 189
1102 188
1504 187
1686 187
1941 183
2779 182
4020 182
3253 182
2805 181
3775 181
1009 180
1118 179
1651 178
1442 178
2393 177
4088 177
4078 173
4009 172
2017 172
2481 172
2109 171
1083 171
4096 170
4083 170
2509 169
1157 169
2528 168
4034 167
1094 166
3866 166
4074 165
	1390 164
2039 163
1953 163
1080 163
2575 161
2362 161
1250 160
1836 160
4073 160
2301 160
4107 159
2413 159
1828 157
2453 155
4095 154
2253 153
2778 152
1274 152
	1416 150 同2803
2593 149
2389 149
4102 148
1716 147
3422 146
1167 146
1488 146
4068 145
1160 144
3860 144
2240 143
2606 143
1065 143
4069 143
1969 143
4030 143
3754 138
1057 138
1666 136
4040 136
2350 136
1089 135
2104 134
1016 134
1502 134
4098 134
2791 134
4106 133
2997 133
1276 133
3789 130
4146 129
2081 129
1325 129
4108 127
1830 126
2449 125
2243 124
1887 124
1423 124
1149 124
1785 123
4081 122
2192 121
3713 121
3725 120
2551 120
1010 120
4131 120
4101 118
2002 118
1111 118
1405 118
2234 117
2195 117
4005 117
1154 116
4075 115
2492 115
1113 115
2390 114
3715 114
2793 113
1745 112
2363 112
4089 112
2576 111
1844 111
1577 110
1384 110
1743 109
1226 109
4031 109
1459 109
2196 108
1473 108
2499 108
1189 108
1477 107
2083 107
	1037 107
1610 107
1029 107
2049 106
1700 106
4094 105
4007 105
4071 104
3454 104
2245 104
1635 103
3116 102
2521 101
2982 101
2559 101
1860 101
4097 100
3439 100
1020 99
4082 99
1401 99
4112 98
2239 98
2456 98
1797 97
2247 97
3745 96
4127 96
1631 95
2381 94
1248 94
1837 94
1032 94
1045 93
2436 93
3859 92
2287 91
1698 90
1789 90
1101 88
3453 86
2623 85
2549 85
3264 85
2182 85
1742 84
4113 84
2051 83
4076 83
2665 83
2586 83
4033 82
2186 82
2140 82
2578 82
1656 81
1679 81
1129 80
1185 80
3151 80
2601 80
3716 79
1731 78
2041 77
1456 77
3470 76
1862 76
2013 76
2560 76
4091 76
4099 76
1091 74
2250 74
2636 74
1179 73
4093 73
1852 73
1704 73
2608 72
2740 72
3791 72
1811 72
1168 72
4092 72
3148 70
1141 69
4105 69
4117 69
2373 69
1426 68
1204 68
3384 68
1411 68
1528 67
3118 67
2007 67
2431 66
2538 66
4143 66
2411 66
2092 65
4123 65
2379 65
1247 65
1548 64
2348 64
1023 64
2358 64
1988 64
2583 64
3261 63
2572 63
2419 63
1143 62
4036 62
1040 62
1260 62
1056 62
1556 62
3005 62
4100 62
3424 61
1606 61
2339 61
1847 61
4121 60
2367 60
1799 60
1383 60
3658 60
3744 60
1857 59
3478 59
3729 58
1741 58
3440 58
2236 58
2794 58
2185 57
1947 57
1604 57
2516 57
1376 57
1195 56
2135 56
2989 56
1603 56
4132 56
1318 55
3769 55
1332 55
1063 55
2312 55
4148 55
2318 55
1629 54
2440 54
2112 54
3867 54
2741 54
1269 53
1323 53
1952 53
2536 53
2190 53
2286 52
2418 52
1573 52
2141 52
2187 52
1087 52
3088 51
2602 51
3870 51
1200 51
2591 51
1161 51
2513 50
1085 50
1112 50
2231 50
1466 50
1184 50
1051 50
1236 50
1639 49
1177 49
2336 49
1702 49
1455 49
1547 49
1468 48
2999 48
2377 48
1717 48
1491 48
1151 47
4124 47
2498 47
1039 47
4115 47
2181 46
1775 46
1309 46
1607 46
1287 45
1201 45
2986 45
1099 45
3761 44
3436 44
1084 44
2769 44
3768 44
2242 44
2535 44
2349 44
2248 44
2553 44
1330 44
1147 44
1840 43
1193 43
1905 43
4116 43
3421 43
4119 42
2155 42
2768 42
2391 42
1263 42
2371 41
1036 41
2260 41
2054 41
2313 40
3869 40
4049 40
2632 40
3747 40
2074 40
1142 40
4118 39
1715 39
1832 39
2376 39
1239 39
2249 39
3403 39
2084 39
2328 38
1146 38
1580 38
1145 38
1375 38
2114 38
1027 38
2115 38
1945 38
1228 38
1920 38
1230 38
2063 38
2531 37
3472 37
1564 37
2403 37
2407 37
2478 36
4065 36
2157 36
2442 36
1505 36
1079 36
1198 36
1521 36
1021 35
1450 35
2506 35
1286 35
2446 35
1038 35
2342 35
1044 35
2309 35
2184 35
1942 35
1609 35
1546 35
2151 35
1958 35
2666 35
2673 35
3872 35
1647 34
3418 34
2455 34
1818 34
1977 34
1496 34
1694 34
3483 34
3770 34
1511 34
2392 34
1906 34
1637 33
1066 33
1126 33
2282 33
1240 33
2545 33
2068 32
1165 32
2244 32
1654 32
2487 32
2230 32
1120 32
3405 32
3441 31
2241 31
1422 31
2395 31
1655 31
2776 31
2443 30
4025 30
1041 30
2070 30
3479 30
1158 30
1434 30
2279 29
2470 29
1575 29
1784 29
4066 29
1106 29
4130 29
2075 29
1208 29
3746 29
4122 29
3432 29
3765 29
2405 28
3766 28
2106 28
1595 28
1140 27
1024 27
2101 27
1135 27
2258 27
2567 27
2316 27
2590 27
1130 27
2565 27
1322 27
2603 27
3437 27
3871 26
4145 26
2520 26
1404 26
2409 26
2325 26
1022 26
1850 26
1926 26
1927 26
3257 26
1306 26
3120 25
1105 25
3420 25
1128 25
1171 25
2429 25
1386 25
1186 25
1555 25
2370 24
2259 24
1904 24
2385 24
1665 24
1279 24
1284 24
1285 24
2033 24
1060 24
1845 24
1597 23
2784 23
3431 23
2179 23
1220 23
4133 23
1192 23
1152 23
4024 23
2229 23
1598 23
3757 23
1132 23
1723 23
1414 23
2271 23
1890 23
1170 22
1877 22
4128 22
1782 22
1590 22
1677 22
2261 22
4138 22
2963 22
3435 22
1815 22
1625 22
4120 22
2452 22
2060 22
1082 22
1950 22
2624 22
4027 22
1033 22
3792 21
2031 21
2502 21
4144 21
1923 21
1031 21
1350 21
1117 21
2612 21
1270 21
3377 21
2078 21
1787 21
3413 20
1364 20
3788 20
2569 20
1659 20
2396 20
2226 20
1740 20
1750 20
1751 20
1696 20
1470 20
4037 20
4142 20
1237 20
2263 20
1581 20
2291 20
1053 20
2789 20
1299 20
2584 19
2209 19
3404 19
1484 19
1523 19
1650 19
2042 19
1034 19
2275 19
3390 19
2653 18
2530 18
3415 18
2570 18
3004 18
3122 18
1777 18
3186 18
1406 18
1569 18
2014 18
2028 18
1463 18
1320 18
1317 18
4137 18
2218 18
3762 18
2629 18
3087 18
2296 18
2304 18
1675 18
1176 18
1520 18
2594 18
1243 18
2507 18
1265 17
1966 17
1690 17
2472 17
4053 17
2640 17
2924 17
1701 17
2138 17
1781 17
2018 17
1589 17
1043 17
2751 17
1486 17
1172 17
1980 17
2302 17
2305 17
1049 17
1970 17
1949 17
3763 17
2486 17
2430 17
2484 17
1127 17
1410 17
3771 16
2505 16
2044 16
2482 16
2069 16
3414 16
2019 16
2568 16
2571 16
2437 16
2082 16
3481 16
1252 16
1730 16
1747 16
1995 16
1025 16
4129 16
1178 16
1989 16
1636 16
2110 16
1069 16
1493 16
2125 16
4140 16
1305 16
1307 16
3374 16
4028 15
3741 15
2289 15
1059 15
2337 15
1976 15
1324 15
1861 15
2365 15
1454 15
1873 15
2501 15
3758 15
4114 15
1314 15
4139 15
2990 15
2577 15
3407 15
1114 15
1617 15
1419 15
1475 15
1156 15
1804 15
1971 15
1699 15
4141 15
4090 15
2056 14
1211 14
2659 14
2201 14
3187 14
4046 14
2635 14
4135 14
2246 14
1144 14
2585 14
1601 14
2361 14
1187 14
2777 14
2402 14
1292 14
2424 14
2573 14
3433 14
3463 14
3409 14
4047 13
1300 13
3799 13
2408 13
3477 13
3055 13
1986 13
2610 13
1090 13
3386 13
1169 13
1432 13
1678 13
1407 13
1744 13
1733 13
1365 13
2111 13
2566 13
2451 13
2394 13
3748 13
1174 13
2626 13
1244 13
2238 13
4134 13
2227 13
1959 13
1356 13
1632 12
1476 12
1695 12
1671 12
2021 12
2288 12
1529 12
1563 12
2139 12
1737 12
2272 12
1975 12
1608 12
2208 12
1451 12
3176 12
1692 12
1441 12
1275 12
1509 12
3057 12
1710 12
4125 12
2308 11
1719 11
2057 11
2050 11
3657 11
3263 11
1734 11
2032 11
1712 11
2613 11
1974 11
1281 11
2579 11
2127 11
1964 11
2664 11
2311 11
3797 11
1071 11
2454 11
2587 11
2420 11
1917 11
1618 11
2761 11
3875 11
1474 11
3091 11
1687 11
2762 10
2353 10
2356 10
1030 10
2359 10
4026 10
1925 10
1992 10
3774 10
2378 10
3520 10
1722 10
3423 10
1720 10
1312 10
1693 10
1122 10
2029 10
3373 10
2225 10
1313 10
3759 10
1408 10
4054 10
1951 10
2038 10
2183 10
1874 10
3467 10
1868 10
2464 10
1479 10
3469 10
1856 10
1389 10
2117 10
1934 10
1978 10
1351 10
1586 10
2295 10
1568 10
1821 10
1984 10
1048 10
1931 10
1362 10
1245 10
1642 10
2346 10
1876 9
1948 9
2154 9
1483 9
1465 9
1982 9
2661 9
1081 9
2480 9
1823 9
2599 9
3456 9
2010 9
2108 9
3452 9
2991 9
2107 9
3863 9
2555 9
2153 9
3800 9
1480 9
2537 9
3089 9
1709 9
1621 9
2983 9
2215 9
2495 9
2174 9
3144 9
2202 9
2329 9
1739 9
3003 9
1173 9
1729 9
1180 9
2643 9
2458 9
1929 9
2283 9
2459 9
2649 9
1721 9
1990 9
2160 9
2046 9
3434 9
1872 9
3862 9
1628 9
1796 9
1728 9
1150 9
2008 8
2170 8
1946 8
1572 8
2519 8
1939 8
1417 8
1932 8
1093 8
1103 8
3059 8
3767 8
3764 8
3794 8
1078 8
1880 8
2043 8
1329 8
1399 8
1072 8
2264 8
2266 8
2045 8
2285 8
2116 8
2298 8
1673 8
2526 8
1800 8
1359 8
1768 8
1760 8
1758 8
2048 8
1436 8
1755 8
3061 8
1738 8
2827 8
1254 8
1367 8
2085 8
2165 8
1277 8
1282 8
1289 8
3906 8
3445 8
2147 8
2152 8
4035 8
1315 8
3006 7
1337 7
1801 7
2417 7
1683 7
1648 7
1808 7
2425 7
1955 7
1634 7
1962 7
2600 7
1335 7
1052 7
3058 7
1104 7
2947 7
1334 7
1291 7
1283 7
2079 7
4126 7
1584 7
2574 7
1713 7
1838 7
2118 7
2460 7
2034 7
2631 7
2564 7
1870 7
2256 7
1481 7
1302 7
2126 7
3451 7
1409 7
3149 7
2142 7
2491 7
2552 7
1234 7
1539 7
3410 7
1471 7
2641 7
1472 7
3868 7
2607 7
2047 7
2637 6
1501 6
2457 6
2280 6
1391 6
2369 6
1092 6
1858 6
2274 6
1070 6
3873 6
1697 6
1074 6
2546 6
1765 6
2614 6
1940 6
1522 6
1772 6
2984 6
1205 6
1788 6
1871 6
3392 6
2604 6
2100 6
3466 6
1219 6
3150 6
1379 6
3428 6
1214 6
2558 6
1676 6
3460 6
2426 6
1380 6
1985 6
1271 6
1116 6
1100 6
3474 6
1684 6
1707 6
1888 6
2398 6
1894 6
2438 6
1155 6
2023 6
1662 6
1495 6
1644 6
2444 6
1217 6
2163 6
3060 6
2645 6
1957 6
1492 6
1583 6
2375 6
1591 6
1188 6
3145 5
1293 5
1266 5
3054 5
1767 5
1771 5
1780 5
1794 5
1816 5
1827 5
1055 5
1859 5
1076 5
1879 5
4051 5
1918 5
1096 5
4038 5
1960 5
1998 5
1999 5
1649 5
1119 5
2062 5
2065 5
3905 5
2122 5
2131 5
2137 5
2146 5
3790 5
3787 5
2166 5
3786 5
2175 5
3784 5
3783 5
2189 5
2191 5
2193 5
2197 5
2211 5
1537 5
4136 5
2269 5
2281 5
2284 5
1148 5
2330 5
2340 5
2380 5
1515 5
1514 5
2412 5
2445 5
2467 5
3459 5
1489 5
1478 5
3389 5
3388 5
3383 5
3382 5
3375 5
2654 5
3372 5
1708 5
1448 5
1433 5
1624 5
1231 5
3226 5
1400 5
1394 5
1392 5
3183 5
1385 5
1374 5
1370 5
1241 5
1242 5
1355 5
1058 4
1682 4
2410 4
2404 4
3509 4
2611 4
2383 4
2355 4
1524 4
1175 4
2620 4
1727 4
2267 4
1262 4
3387 4
3772 4
2639 4
1264 4
3778 4
2646 4
3779 4
3780 4
2657 4
3793 4
2668 4
3795 4
2113 4
1137 4
3861 4
1133 4
3877 4
2059 4
3907 4
1215 4
1445 4
1216 4
1123 4
2030 4
2004 4
1981 4
1297 4
1972 4
1968 4
1620 4
1571 4
1944 4
1935 4
1097 4
1930 4
4050 4
1903 4
1899 4
4056 4
1896 4
4057 4
1354 4
1878 4
1075 4
3185 4
1395 4
1626 4
1849 4
2988 4
2826 4
1831 4
1829 4
1623 4
1795 4
1770 4
2822 4
1759 4
1630 4
1735 4
1348 4
1369 4
1482 4
2581 4
3411 4
2541 4
2510 4
1199 4
2497 4
3457 4
3462 4
2463 4
1688 4
2448 4
3473 4
2435 4
1352 3
1449 3
1358 3
1854 3
1559 3
1851 3
2466 3
1124 3
2036 3
1388 3
2828 3
2508 3
1566 3
1996 3
1227 3
1246 3
2993 3
3408 3
3182 3
1430 3
3419 3
1310 3
1229 3
1098 3
1685 3
3482 3
1956 3
3241 3
1806 3
2400 3
3486 3
1327 3
1513 3
1420 3
2384 3
1805 3
1343 3
2354 3
1803 3
2343 3
3393 3
2763 3
2556 3
1525 3
3391 3
1162 3
2317 3
1153 3
2270 3
2627 3
1916 3
1914 3
1791 3
2265 3
2257 3
1786 3
1533 3
3760 3
2228 3
2214 3
1640 3
1203 3
3773 3
2200 3
1763 3
2199 3
1267 3
1761 3
1238 3
3378 3
1578 3
2188 3
3376 3
1336 3
1886 3
1545 3
3056 3
2176 3
2173 3
2596 3
2658 3
2172 3
1290 3
3785 3
2161 3
2150 3
1612 3
1660 3
1599 3
2133 3
1757 3
1073 3
1549 3
1398 3
3078 3
1550 3
3801 3
1202 3
2102 3
1396 3
2096 3
2094 3
1194 3
1462 3
1353 3
2066 3
1457 3
1653 3
1652 3
1453 3
3000 3
3909 3
1428 2
1627 2
1638 2
1613 2
1680 2
1732 2
1754 2
1769 2
1790 2
1809 2
1810 2
1812 2
1817 2
1848 2
1855 2
1882 2
1901 2
1912 2
1574 2
1963 2
1991 2
1993 2
1997 2
2005 2
2006 2
2015 2
1558 2
1557 2
2061 2
2064 2
2090 2
2119 2
2128 2
2129 2
2132 2
2144 2
2148 2
2149 2
2162 2
2169 2
2171 2
2180 2
2194 2
2205 2
2212 2
1536 2
1534 2
2252 2
2273 2
1527 2
2303 2
2321 2
2322 2
2341 2
2366 2
2374 2
1510 2
2414 2
2415 2
1508 2
2433 2
2434 2
1507 2
2441 2
2461 2
2465 2
2476 2
1497 2
2490 2
2494 2
2504 2
2511 2
2512 2
2515 2
2525 2
2527 2
2532 2
2539 2
1487 2
2598 2
2605 2
2615 2
2619 2
2662 2
2672 2
1464 2
1460 2
1446 2
1443 2
1440 2
1431 2
1415 2
1403 2
1393 2
1382 2
1366 2
1349 2
2824 2
2825 2
2829 2
1319 2
1303 2
2985 2
1259 2
1249 2
3001 2
3092 2
3114 2
3146 2
3181 2
3240 2
1213 2
1212 2
1209 2
1196 2
3455 2
3654 2
3742 2
3743 2
1139 2
3796 2
3820 2
3851 2
1138 2
1136 2
1134 2
3903 2
3904 2
1108 2
4048 2
4059 2
1086 2
3121 1
3461 1
2474 1
2642 1
2638 1
2143 1
2134 1
2469 1
2124 1
1425 1
2462 1
2634 1
1506 1
1551 1
2772 1
1377 1
2432 1
1361 1
3852 1
3476 1
2103 1
2428 1
1225 1
2423 1
3480 1
2622 1
1646 1
1368 1
2091 1
2089 1
2088 1
2618 1
2086 1
1554 1
3484 1
1223 1
3874 1
2617 1
2616 1
1512 1
3902 1
1645 1
1619 1
2609 1
2067 1
2058 1
3908 1
2597 1
2053 1
1437 1
1381 1
2382 1
2037 1
1518 1
1387 1
1121 1
2368 1
1444 1
2360 1
4012 1
1181 1
3184 1
1115 1
2020 1
1397 1
1110 1
1109 1
2345 1
2012 1
2580 1
4023 1
2009 1
2003 1
1402 1
1412 1
1987 1
1983 1
1973 1
1967 1
2333 1
1965 1
1570 1
2332 1
3416 1
1938 1
1937 1
1235 1
1924 1
2326 1
1467 1
1576 1
2323 1
1371 1
2319 1
1909 1
2315 1
1908 1
1907 1
1902 1
4052 1
1900 1
2314 1
4055 1
1897 1
2310 1
4058 1
1622 1
4060 1
2550 1
4062 1
1600 1
4064 1
1893 1
1526 1
1633 1
2547 1
1889 1
1885 1
1884 1
2671 1
2543 1
2293 1
1869 1
2670 1
1866 1
2540 1
1670 1
2290 1
1853 1
1233 1
1206 1
2276 1
2268 1
1839 1
3749 1
1530 1
2254 1
1418 1
1826 1
2523 1
1535 1
1822 1
2237 1
1819 1
1344 1
1538 1
2233 1
2232 1
1798 1
1588 1
1793 1
1792 1
2655 1
1421 1
2514 1
1776 1
1494 1
1773 1
2651 1
3239 1
1762 1
1756 1
1752 1
2493 1
2489 1
1714 1
2207 1
2206 1
2204 1
2647 1
3379 1
1255 1
1373 1
1261 1
3776 1
3777 1
1541 1
1689 1
1288 1
1544 1
3381 1
3782 1
1301 1
1304 1
1311 1
3090 1
2178 1
1726 1
1725 1
2177 1
2821 1
3117 1
2644 1
2477 1
1339 1
2475 1
1842 0
1841 0
1582 0
1834 0
1585 0
1587 0
1825 0
1824 0
1340 0
1814 0
1813 0
1807 0
1802 0
1783 0
1779 0
1778 0
1774 0
1766 0
1764 0
1749 0
1748 0
1746 0
1592 0
1593 0
1594 0
1736 0
1253 0
1257 0
1268 0
1272 0
1278 0
1280 0
1294 0
1295 0
1296 0
2823 0
3115 0
1333 0
3119 0
1820 0
1341 0
1342 0
1345 0
1596 0
3147 0
1346 0
1347 0
1357 0
1360 0
1372 0
1378 0
1718 0
1413 0
1232 0
1424 0
1427 0
1429 0
1435 0
1224 0
1438 0
1439 0
1447 0
1452 0
1711 0
1705 0
1461 0
1210 0
2669 0
2667 0
2660 0
2652 0
2650 0
2648 0
3380 0
3385 0
2633 0
2630 0
2628 0
2625 0
2621 0
3394 0
2595 0
2592 0
2589 0
2588 0
2582 0
3412 0
2563 0
2561 0
1485 0
2557 0
2554 0
2548 0
2544 0
2542 0
2534 0
2529 0
1490 0
2522 0
2518 0
2517 0
2500 0
2496 0
1498 0
2483 0
1197 0
1602 0
1499 0
1500 0
2473 0
2471 0
2468 0
2450 0
2447 0
2439 0
3475 0
2427 0
2422 0
2416 0
2401 0
3485 0
2399 0
2397 0
1605 0
3655 0
3656 0
1516 0
2372 0
2364 0
2357 0
2347 0
2344 0
2338 0
2335 0
2331 0
2327 0
2324 0
2320 0
2307 0
2306 0
2300 0
2297 0
2294 0
2292 0
1672 0
2278 0
2277 0
1531 0
1532 0
2235 0
2224 0
2223 0
2222 0
2221 0
2220 0
2219 0
2217 0
2216 0
2213 0
2203 0
2198 0
1540 0
1542 0
3781 0
2168 0
2167 0
2164 0
2158 0
1669 0
2156 0
2145 0
2130 0
1668 0
2123 0
3798 0
2120 0
1553 0
1667 0
3821 0
1614 0
1615 0
1616 0
2099 0
2098 0
2097 0
2095 0
2093 0
2087 0
2077 0
2076 0
2073 0
3876 0
2072 0
2071 0
2055 0
2052 0
2040 0
1560 0
2035 0
1561 0
2026 0
2025 0
4011 0
2024 0
2022 0
2016 0
1643 0
2011 0
1567 0
1994 0
4032 0
1954 0
1943 0
1933 0
1921 0
1919 0
1913 0
1911 0
1910 0
1641 0
1898 0
1895 0
4061 0
4063 0
1892 0
1891 0
1883 0
1881 0
1875 0
1867 0
1865 0
1864 0
1863 0
1846 0
1843 0